place_names = [
        "PERUSAHAAN", "A", "B", "C", "D", "E", "F", "G", "H", "I", "J", "K", "L", "M", "N", "O", "P",
        "Q", "R", "S", "T", "U", "V", "W", "X", "Y", "Z", "AA", "AB", "AC", "AD", "AE", "AF",
        "AG", "AH", "AI", "AJ", "AK", "AL", "AM", "AN"
    ]

distances = [
        [0,4.5,32.5,29.2,30.8,32.3,33.2,32.9,29.8,30.9,5.7,6.4,6.6,10.4,2.4,8.9,2.5,2.6,5.3,9.5,5.1,7.5,2.7,31.5,64.7,215,214,216,211,213,211,231,231,109,110,52.1,108,107,109,108,109],
[4.5,0,33.6,27.4,31.3,29.2,25.5,25.2,25.7,23.2,2.3,5.8,6.3,11.3,2.9,6.9,2,2.1,2,4.7,2.2,9.1,1,30.9,72.9,213,213,210,209,211,209,230,229,109,109,50,107,106,109,108,109],
[32.5,33.6,0,2.5,6,4.2,4.9,4.2,4,5.9,31.7,37.4,35.1,34.8,32.2,30.5,30.8,33.2,30.5,27.2,36.4,39,34,12.2,63.2,209,209,211,210,211,210,230,229,132,133,75,131,131,134,133,133],
[29.2,27.4,2.5,0,4.9,3.1,3.8,3.1,2.9,4.8,29.8,36.3,34,31.5,30.4,21.9,29.6,37,33.6,31.2,35.3,33.9,32.9,12,63,208,208,210,209,211,210,230,229,131,132,73.9,131,130,133,132,132],
[30.8,31.3,6,4.9,0,1.4,2,1.3,2.1,3,24.8,34.5,32.2,31.9,28.6,20.2,27.9,26.3,24.4,29.4,33.5,38.9,26,16.4,67.4,213,213,215,214,216,214,234,234,131,131,72.2,130,128,131,130,130],
[32.3,29.2,4.2,3.1,1.4,0,1,1,1.2,1.4,26.4,33,30.6,30.3,23.8,18.6,26.3,26,26,27.8,31.9,37.4,24.4,19.1,66.3,212,212,214,213,215,213,233,233,128,130,69,126,127,129,128,129],
[33.2,25.5,4.9,3.8,2,1,0,1,1.5,2.4,30.3,32.8,31.6,30.2,30.8,25.6,27.3,31.8,29.9,27.7,31.7,37.2,29.4,15.8,66.8,212,212,214,213,215,213,233,233,131,131,72.6,127,128,130,130,130],
[32.9,25.2,4.2,3.1,1.3,1,1, 0,1,1.8,26.8,33.3,31,30.7,24.1,18.9,26.6,34,26.3,28.2,32.3,37.7,32.6,15.1,66.1,212,211,213,213,214,213,233,232,130,131,70.9,127,128,157,130,129],
[29.8,25.7,4,2.9,2.1,1.2,1.5,1,0,2.6,24.4,34.2,31.8,31.5,25,19.8,27.5,27.9,24,29,33.1,38.5,25.6,14.9,65.9,211,211,213,212,214, 212,233,232,132,133,71.8,128,128,133,130,128],
[30.9,23.2,5.9,4.8,3,1.4,2.4,1.8,2.6,0,22.5,31.4,26.9,28.8,22.2,17.1,23.1,23.2,21.3,26.3,30.4,29.1,23.6,15.6,57.8,213,212,215,214,216,214,233,233,126,127,67.4,125,124,126,125,126],
[5.7,2.3,31.7,29.8,24.8,26.4,30.3,26.8,24.4,22.5,0,5.1,5.2,9.4,1,9.4,1.4,1.5,1.3,7.3,3.6,8.5,1.6,23.1,62.3,208,208,210,209,210,209,229,228,108,109,52.5,107,106,108,107,108],
[6.4,5.8,37.4,36.3,34.5,33,32.8,33.3,34.2,31.4,5.1,0,2.1,6.5,5.9,10.8,4.9,6.3,6.1,5.9,4.3,4.9,3.9,26.8,65.9,211,211,213,212,214,212,233,232,105,105,45.9,103,102,105,104,104],
[6.6,6.3,35.1,34,32.2,30.6,31.6,31,31.8,26.9,5.2,2.1,0,7.4,7.6,11.1,5.5,7.2,6.6,9.3,5.1,2.9,5.4,28.5,67.6,213,213,215,214,216,214,234,234,105,106,48.4,104,103,105,104,105],
[10.4,11.3,34.8,31.5,31.9,30.3,30.2,30.7,31.5,28.8,9.4,6.5,7.4,0,10,12.8,7.5,9.2,9,7.1,7.5,10.8,7.4,32.6,70,215,215,217,216,218,217,237,236,101,102,42.6,100,98.9,101,100,101],
[2.4,2.9,32.2,30.4,28.6,23.8,30.8,24.1,25,22.2,1,5.9,7.6,10,0,5.7,1.7,2.1,1.6,9,3.9,8.8,1.9,23.4,62.6,208,208,210,209,211,209,229,229,108,109,52.8,107,106,108,107,108],
[8.9,6.9,30.5,21.9,20.2,18.6,25.6,18.9,19.8,17.1,9.4,10.8,11.1,12.8,5.7,0,5.8,5.9,4,8.9,8,12.9,7.1,18.2,57.4,203,203,205,204,206,204,224,224,114,114,53.7,113,112,114,113,113],
[2.5,2,30.8,29.6,27.9,26.3,27.3,26.6,27.5,23.1,1.4,4.9,5.5,7.5,1.7,5.8,0,1.7,1.5,5.3,2.5,8.8 ,1,23.4,62.5,208,208,210,209,211,209,229,229,108,109,49.6,107,106,108,107,108],
[2.6,2.1,33.2,37,26.3,26,31.8,34,27.9,23.2,1.5,6.3,7.2,9.2,2.1,5.9,1.7,0,1.9,5.7,2.6,7.1,1,23.8,63,208,208,210,209,211,209,230,229,107,108,48.4,106,105,107,106,107],
[5.3,2,30.5,33.6,24.4,26,29.9,26.3,24,21.3,1.3,6.1,6.6,9,1.6,4,1.5,1.9,0,9.1,4,9,2,23.6,62.7,208,208,210,209,211,209,229,229,108,109,49.7,107,106,108,107,108],
[9.5,4.7,27.2,31.2,29.4,27.8,27.7,28.2,29,26.3,7.3,5.9,9.3,7.1,9,8.9,5.3,5.7,9.1,0,4.8,10.6,5.2,29.1,64.9,210,210,212,211,213,211,232,231,108,108,48.9,106,105,108,107,107],
[5.1,2.2,36.4,35.3,33.5,31.9,31.7,32.3,33.1,30.4,3.6,4.3,5.1,7.5,3.9,8,2.5,2.6,4,4.8,0,7.5,1,23.7,62.9,208,208,210,209,211,209,230,229,106,107,51.9,105,104,107,106,106],
[7.5,9.1,39,33.9,38.9,37.4,37.2,37.7,38.5,29.1,8.5,4.9,2.9,10.8,8.8,12.9,8.8,7.1,9,10.6,7.5,0,8.3,37.8,69.8,215,215,217,216,218,216,237,236,104,105,47.8,103,102,104,103,104],
[2.7,1,34,32.9,26,24.4,29.4,32.6,25.6,23.6,1.6,3.9,5.4,7.4,1.9,7.1,1,1,2,5.2,1,8.3,0,23.3,62.4,208,208,210,209,211,209,229,229,108,109,49.4,107,106,108,107,108],
[31.5,30.9,12.2,12,16.4,19.1,15.8,15.1,14.9,15.6,23.1,26.8,28.5,32.6,23.4,18.2,23.4,23.8,23.6,29.1,23.7,37.8,23.3,0,53.2,199,199,201,200,201,200,220,219,130,130,71,129,127,130,129,129],
[64.7,72.9,63.2,63,67.4,66.3,66.8,66.1,65.9,57.8,62.3,65.9,67.6,70,62.6,57.4,62.5,63,62.7,64.9,62.9,69.8,62.4,53.2,0,157,159,159,158,160,158,178,177,170,170,111,169,168,170,169 ,169],
[215,213,209,208,213,212,212,212,211,213,208,211,213,215,208,203,208,208,208,210,208,215,208,199,157,0,1,1.8,2,2.8,6.3,25.2,24.7,315,316,256,314,307,306,307,308],
[214,213,209,208,213,212,212,211,211,212,208,211,213,215,208,203,208,208,208,210,208,215,208,199,159,1,0,3.9,3.2,2.7,8.1,21.9,21.4,315,316,256,314,313,306,314,315],
[216,210,211,210,215,214,214,213,213,215,210,213,215,217,210,205,210,210,210,212,210,217,210,201,159,1.8,3.9,0,3.1,5.8,4.9,22.7,22.8,316,317,257,315,303,307,308,317],
[211,209,210,209,214,213,213,213,212,214,209,212,214,216,209,204,209,209,209,211,209,216,209,200,158,2,3.2,3.1,0,3.4,8.9,22.2,21.7,314,314,255,305,305,314,313,313],
[213,211,211,211,216,215,215,214,214,216,210,214,216,218,211,206,211,211,211,213,211,218,211,201,160,2.8,2.7,5.8,3.4,0,9.1,20,19.5,318,318,259,317,315,308,317,317],
[211,209,210,210,214,213,213,213,212,214,209,212,214,217,209,204,209,209,209,211,209,216,209,200,158,6.3,8.1,4.9,8.9,9.1,0,27.7,27.2,316,317,257,315,314,316,315,316],
[231,230,230,230,234,233,233,233,233,233,229,233,234,237,229,224,229,230,229,232,230,237,229,220,178,25.2,21.9,22.7,22.2,20,27.7,0,1,336,337,275,335,334,336,335,336],
[231,229,229,229,234,233,233,232,232,233,228,232,234,236,229,224,229,229,229,231,229,236,229,219,177,24.7,21.4,22.8,21.7,19.5,27.2,1,0,336,336,277,337,333,336,323,335],
[109,109,132,131,131,128,131,130,132,126,108,105,105,101,108,114,108,107,108,108,106,104,108,130,170,315,315,316,314,318,316,336,336,0,1,58,1.6,1.9,0.4,1.2,3.2],
[110,109,133,132,131,130,131,131,133,127,109,105,106,102,109,114,109,108,109,108,107,105,109,130,170,316,316,317,314,318,317,337,336,1,0,58.1,1.7,2,0.5,1.3,3.7],
[52.1,50,75,73.9,72.2,69,72.6,70.9,71.8,67.4,52.5,45.9,48.4,42.6,52.8,53.7,49.6,48.4,49.7,48.9,51.9,47.8,49.4,71,111,256,256,257,255,259,257,275,277,58,58.1,0,57,55.8,58.2,57.2,57.7],
[108,107,131,131,130,126,127,127,128,125,107,103,104,100,107,113,107,106,107,106,105,103,107,129,169,314,314,315,305,317,315,335,337,1.6,1.7,57,0,1,2.6,2.1,2.1],
[107,106,131,130,128,127,128,128,128,124,106,102,103,98.9,106,112,106,105,106,105,104,102,106,127,168,307,313,303,305,315,314,334,333,1.9,2,55.8,1,0,2.8,2.2,3.2],
[109,109,134,133,131,129,130,157,133,126,108,105,105,101,108,114,108,107,108,108,107,104,108,130,170,306,306,307,314,308,316,336,336,0.4,0.5,58.2,2.6,2.8,0,1,3.2],
[108 ,108,133,132,130,128,130,130,130,125,107,104,104,100,107,113,107,106,107,107,106,103,107,129,169,307,314,308,313,317,315,335,323,1.2,1.3,57.2,2.1,2.2,1,0,2],
[109,109,133,132,130,129,130,129,128,126,108,104,105,101,108,113,108,107,108,107,106,104,108,129,169,308,315,317,313,317,316,336,335,3.2,3.7,57.7,2.1,3.2,3.2,2,0]
]

times = [[0,13,64,56,61,60,63,62,59,58,12,16,14,25,7,22,7,7,11,24,13,16,8,58,106,254,256,257,257,250,261,283,281,191,193,91,188,185,191,188,188],
        [13,0,62,53,56,51,50,48,49,44,5,13,14,23,8,16,5,5,5,12,6,21,3,58,122,250,252,255,252,246,256,278,277,189,190,92,185,183,190,186,186],
        [64,62,0,6,13,10,12,10,9,13,61,63,62,57,63,56,58,64,57,49,64,76,59,23,101,250,251,253,250,244,257,276,274,228,230,131,225,224,230,227,227],
        [56,53,6,0,10,6,8,6,6,9,52,61,59,52,54,39,55,66,60,53,61,64,57,21,101,251,253,255,251,246,258,279,277,224,226,127,222,219,226,224,223],
        [61,56,13,10,0,3,5,3,5,6,46,58,56,51,52,36,53,47,44,50,58,66,48,28,104,255,257,260,257,252,266,286,284,222,223,123,219,216,222,220,219],
        [60,51,10,6,3,0,3,3,4,5,47,54,51,47,43,32,50,49,46,47,55,62,44,33,102,254,256,258,254,250,264,284,282,216,219,117,213,212,218,216,215],
        [63,50,12,8,5,3,0,3,5,6,55,54,53,48,55,44,51,58,54,47,55,63,52,27,105,257,259,261,258,255,268,290,287,222,224,124,215,215,222,218,214],
        [62,48,10,6,3,3,3,0,3,4,48,56,54,49,47,34,50,59,46,47,55,64,56,28,105,269,272,274,272,264,272,297,294,227,229,121,220,221,229,226,222],
        [59,49,9,6,5,4,5,3,0,7,46,58,58,51,47,36,53,51,45,50,59,68,50,27,106,267,269,274,271,265,272,296,294,234,236,124,227,226,234,231,228],
        [58,44,13,9,6,5,6,4,7,0,32,47,41,40,32,24,33,34,31,40,47,44,39,28,87,257,259,264,261,255,262,286,284,224,226,114,217,216,224,221,218],
        [12,5,61,52,46,47,55,48,46,32,0,10,11,16,5,15,6,7,6,14,13,18,6,46,92,252,253,255,252,246,256,278,277,192,190,92,185,184,191,190,191],
        [16,13,63,61,58,54,54,56,58,47,10,0,7,14,16,25,14,14,13,18,11,14,12,46,103,267,268,274,272,266,274,289,277,191,191,97,182,181,188,187,187],
        [14,14,62,59,56,51,53,54,58,41,11,7,0,18,19,24,18,18,18,22,13,9,13,48,109,260,260,264,274,268,276,291,280,191,193,83,184,184,188,187,189],
        [25,23,57,52,51,47,48,49,51,40,16,14,18,0,21,26,18,19,19,15,16,21,18,55,113,263,262,266,265,268,267,297,292,188,185,74,174,164,173,175,179],
        [7,8,63,54,52,43,55,47,47,32,5,16,19,21,0,15,5,7,6,21,12,23,6,45,86,252,252,256,254,247,244,278,278,192,194,94,185,184,188,186,187],
        [22,16,56,39,36,32,44,34,36,24,15,25,24,26,15,0,14,15,12,21,19,28,18,33,88,245,246,248,247,249,245,274,274,199,199,99,193,192,196,195,195],
        [7,5,58,55,53,50,51,50,53,33,6,14,18,18,5,14,0,5,5,12,8,23,4,45,86,252,252,255,254,247,244,278,278,192,194,84,185,184,188,186,187],
        [7,5,64,66,47,49,58,59,51,34,7,14,18,19,7,15,5,0,6,15,8,18,4,44,85,252,252,255,254,247,244,279,278,191,193,83,184,183,187,185,186],
        [11,5,57,60,44,46,54,46,45,31,6,13,18,19,6,12,5,6,0,20,6,19,5,44,85,252,252,255,254,247,244,278,278,192,194,84,185,184,188,186,187],
        [24,12,49,53,50,47,47,47,50,40,14,18,22,15,21,21,12,15,20,0,12,26,13,51,98,254,255,258,256,258,256,284,282,192,192,82,184,183,188,186,186],
        [13,6,64,61,58,55,55,55,59,47,13,11,13,16,12,19,8,8,6,12,0,17,4,42,93,252,252,255,254,247,244,279,278,190,191,88,183,182,187,185,185],
        [16,21,76,64,66,62,63,64,68,44,18,14,9,21,23,28,23,18,19,26,17,0,18,65,107,263,263,266,265,270,265,288,287,186,187,82,181,180,183,182,183],
        [8,3,59,57,48,44,52,56,50,39,6,12,13,18,6,18,4,4,5,13,4,18,0,41,93,252,252,255,254,258,254,278,278,192,194,84,185,184,187,186,187],
        [58,58,23,21,28,33,27,28,27,28,46,46,48,55,45,33,45,44,44,51,42,65,41,0,73,241,241,246,247,248,247,270,269,219,219,121,218,215,219,218,218],
        [106,122,101,101,104,102,105,105,106,87,92,103,109,113,86,88,86,85,85,98,93,107,93,73,0,174,176,176,175,178,176,195,194,289,290,188,285,283,290,287,286],
        [254,250,250,251,255,254,257,269,267,257,252,267,260,263,252,245,252,252,252,254,252,263,252,241,174,0,5,6,7,9,17,55,53,419,420,321,416,387,382,384,388],
        [256,252,251,253,257,256,259,272,269,259,253,268,260,262,252,246,252,252,252,255,252,263,252,241,176,5,0,11,10,10,21,44,41,421,422,321,418,415,383,418,418],
        [257,255,253,255,260,258,261,274,274,264,255,274,264,266,256,248,255,255,255,258,255,266,255,246,176,6,11,0,7,15,15,48,45,422,423,323,419,389,384,387,389],
        [257,252,250,251,257,254,258,272,271,261,252,272,274,265,254,247,254,254,254,256,254,265,254,247,175,7,10,7,0,11,25,44,42,416,418,317,362,383,416,414,413],
        [250,246,244,246,252,250,255,264,265,255,246,266,268,268,247,249,247,247,247,258,247,270,258,248,178,9,10,15,11,0,24,39,37,421,424,321,418,415,384,420,418],
        [261,256,257,258,266,264,268,272,272,262,256,274,276,267,244,245,244,244,244,256,244,265,254,247,176,17,21,15,25,24,0,62,60,427,428,327,424,421,427,425,425],
        [283,278,276,279,286,284,290,297,296,286,278,289,291,297,278,274,278,279,278,284,279,288,278,270,195,55,44,48,44,39,62,0,3,460,461,358,457,454,460,459,457],
        [281,277,274,277,284,282,287,294,294,284,277,277,280,292,278,274,278,278,278,282,278,287,278,269,194,53,41,45,42,37,60,3,0,458,459,357,455,451,458,422,453],
        [191,189,228,224,222,216,222,227,234,224,192,191,191,188,192,199,192,191,192,192,190,186,192,219,289,419,421,422,416,421,427,460,458,0,5,103,6,7,3,6,7],
        [193,190,230,226,223,219,224,229,236,226,190,191,193,185,194,199,194,193,194,192,191,187,194,219,290,420,422,423,418,424,428,461,459,5,0,102,5,7,3,5,8],
        [91,92,131,127,123,117,124,121,124,114,92,97,83,74,94,99,84,83,84,82,88,82,84,121,188,321,321,323,317,321,327,358,357,103,102,0,95,93,102,98,97],
        [188,185,225,222,219,213,215,220,227,217,185,182,184,174,185,193,185,184,185,184,183,181,185,218,285,416,418,419,362,418,424,457,455,6,5,95,0,5,8,6,7],
        [185,183,224,219,216,212,215,221,226,216,184,181,184,164,184,192,184,183,184,183,182,180,184,215,283,387,415,389,383,415,421,454,451,7,7,93,5,0,9,7,8],
        [191,190,230,226,222,218,222,229,234,224,191,188,188,173,188,196,188,187,188,188,187,183,187,219,290,382,383,384,416,384,427,460,458,3,3,102,8,9,0,5,8],
        [188,186,227,224,220,216,218,226,231,221,190,187,187,175,186,195,186,185,186,186,185,182,186,218,287,384,418,387,414,420,425,459,422,6,5,98,6,7,5,0,6],
        [188,186,227,223,219,215,214,222,228,218,191,187,189,179,187,195,187,186,187,186,185,183,187,218,286,388,418,389,413,418,425,457,453,7,8,97,7,8,8,6,0]
    ]

# print("There is ", len(place_names), " name of place")
# print("There is ", len(distances), " of matrix distances")
# print("There is ", len(times), " of matrix time")

print(place_names[3])